,speed,acc,lane,pos,speed_stability,acc_point,acc_avg_point,a*v
0,0,0,47@365#0,0,1.417112646,0,0,0
1,1.45595699,1.45595699,47@365#0,1.45595699,1.321175514,0,0,1
2,3.372368795,1.916411805,47@365#0,4.828325785,1.131213221,0,0,0.568268752
3,4.731757029,1.359388234,47@365#0,9.560082814,1.000759772,0,0,0.287290371
4,6.185594696,1.453837667,47@365#0,15.74567751,0.88856243,0,0,0.235036037
5,8.159321206,1.97372651,47@365#0,23.90499872,0.729422812,0,0,0.241898371
6,10.70346411,2.544142908,47@365#0,34.60846283,0.514309603,1,0,0.237693412
7,12.92244304,2.218978922,47@365#0,47.53090587,0.337550811,1,0,0.171715125
8,12.44609837,-0.476344662,47@365#0,59.97700424,0.365415766,0,0,0.038272609
9,13.00988919,0.563790821,47@365#0,72.98689344,0.383789216,0,0,0.043335559
10,12.80134125,-0.208547945,47@365#0,85.78823469,0.372012231,0,0,0.016291101
11,12.30475558,-0.496585665,47@365#0,98.09299027,0.337112474,0,0,0.040357215
12,12.28796671,-0.016788873,47@365#0,110.380957,0.371886751,0,0,0.001366286
13,12.34282046,0.054853747,47@365#0,122.7237774,0.425647085,0,0,0.004444183
14,12.01095622,-0.331864243,47@365#0,134.7347337,0.430429272,0,0,0.027630127
15,12.39328655,0.382330336,47@365#0,147.1280202,0.484684713,0,0,0.030849794
16,12.78629737,0.393010817,47@365#0,159.9143176,0.480608832,0,0,0.030736874
17,12.33490636,-0.451391005,47@365#0,172.2492239,0.442315094,0,0,0.036594603
18,13.08990057,0.754994203,47@365#0,185.3391245,0.383778166,0,0,0.057677612
19,12.34237524,-0.747525329,47@365#0,197.6814997,0.385609903,0,0,0.060565759
20,12.25159714,-0.090778094,47@365#0,209.9330969,0.401808415,0,0,0.007409491
21,12.39918523,0.14758809,47@365#0,222.3322821,0.402273716,0,0,0.011903047
22,12.03465359,-0.364531648,47@365#0,234.3669357,0.39375092,0,0,0.030290165
23,12.62711067,0.456199058,365@511#0,284.2461236,0.363289291,0,0,0.036128539
24,13.00679679,0.379686111,365@511#0,297.2529204,0.396490366,0,0,0.029191362
25,12.08191204,-0.924884745,365@511#0,309.3348325,0.325613225,0,0,0.07655119
26,12.43416405,0.352252007,365@511#0,321.7689965,0.303830646,0,0,0.028329368
27,12.50261767,0.068453619,365@511#0,334.2716142,0.298215048,0,0,0.005475143
28,12.33299274,-0.169624927,365@511#0,346.6046069,0.330289757,0,0,0.013753752
29,13.09883544,0.765842704,365@511#0,359.7034424,0.272048671,0,0,0.058466473
30,12.84607223,-0.252763211,365@511#0,372.5495146,0.273868414,0,0,0.019676303
31,12.99831333,0.152241101,365@511#0,385.5478279,0.305018966,0,0,0.011712374
32,12.71900965,-0.279303683,365@511#0,398.2668376,0.300337955,0,0,0.021959546
33,13.00685045,0.287840801,365@511#0,411.273688,0.278767562,0,0,0.022129939
34,12.29515359,-0.348387092,511@464#0,448.5661426,0.238689472,0,0,0.028335318
35,12.07904026,-0.21611333,511@464#0,460.6451829,0.27850272,0,0,0.017891598
36,12.21346648,0.134426221,511@464#0,472.8586494,0.280936375,0,0,0.011006394
37,12.20116884,-0.012297641,511@464#0,485.0598182,0.298010767,0,0,0.001007907
38,12.69154085,0.490372014,511@464#0,497.7513591,0.326008587,0,0,0.038637705
39,12.50810901,-0.183431847,511@464#0,510.2594681,0.396296358,0,0,0.014665034
40,12.77906965,0.270960641,511@464#0,523.0385377,0.385819458,0,0,0.021203472
41,12.31532303,-0.463746617,511@464#0,535.3538607,0.401372036,0,0,0.037656066
42,12.54781661,0.232493579,511@464#0,547.9016774,0.471094058,0,0,0.018528608
43,12.61995347,0.072136865,511@464#0,560.5216308,0.487135395,0,0,0.005716096
44,12.93086944,0.310915965,511@464#0,573.4525003,0.58275095,0,0,0.024044475
45,12.31662362,-0.614245815,511@464#0,585.7691239,0.607404468,0,0,0.049871282
46,12.47538639,0.15876277,511@464#0,598.2445103,0.626907804,0,0,0.01272608
47,12.65842795,0.183041559,511@464#0,610.9029382,1.026480825,0,0,0.014460055
48,11.88807774,-0.770350209,511@464#0,622.791016,0.982282508,0,0,0.064800233
49,12.77438731,0.886309565,511@464#0,635.5654033,0.947921462,0,0,0.069381767
50,12.60819568,-0.166191633,511@464#0,648.173599,1.103434967,0,0,0.013181238
51,11.98892328,-0.619272397,511@464#0,660.1625222,1.231070096,0,0,0.051653713
52,12.91863708,0.9297138,511@464#0,673.0811593,1.203402952,0,0,0.071966864
53,13.15118731,0.232550235,511@464#0,686.2323466,1.276916104,0,0,0.017682832
54,11.8841158,-1.267071516,511@464#0,698.1164624,1.202076573,0,0,0.106618914
55,12.74489679,0.860780995,511@464#0,710.8613592,1.130890177,0,0,0.067539268
56,12.39110066,-0.353796128,511@464#0,723.2524599,1.115006939,0,0,0.028552438
57,8.212328894,-4.178771769,511@464#0,731.4647888,0.766045681,-2,0,0.508841258
58,8.540695938,0.328367044,511@464#0,740.0054847,0.815967007,0,0,0.03844734
59,9.08339504,2.40475842,464@39#0,760.2853473,0.807872546,1,0,0.264742248
60,10.80472172,1.721326684,464@39#0,771.090069,0.664913694,0,0,0.159312449
61,12.70034541,1.89562369,464@39#0,783.7904144,0.557300751,0,0,0.149257648
62,12.04730305,-0.653042361,464@39#0,795.8377174,0.559273534,0,0,0.054206519
63,13.01498481,0.967681756,464@39#0,808.8527023,0.53121032,0,0,0.074351355
64,12.49630861,-0.518676201,464@39#0,821.3490109,0.529402171,0,0,0.041506353
65,12.64522564,0.148917032,464@39#0,833.9942365,0.54311931,0,0,0.011776542
66,12.84018939,0.194963747,464@39#0,846.8344259,0.523760503,0,0,0.015183868
67,12.15103019,-0.689159198,464@39#0,858.9854561,0.484045089,0,0,0.056716113
68,12.97861049,0.827580297,464@39#0,871.9640666,0.43196222,0,0,0.063764938
69,12.516856,-0.46175449,464@39#0,884.4809226,0.474040552,0,0,0.036890613
70,12.22511783,-0.29173817,464@39#0,896.7060404,0.545275726,0,0,0.023863833
71,13.04461208,0.819494257,464@39#0,909.7506525,0.467926428,0,0,0.062822432
72,12.37184189,-0.672770194,464@39#0,922.1224944,0.494925476,0,0,0.054379146
73,13.05889151,0.687049617,464@39#0,935.1813859,0.441959928,0,0,0.052611634
74,12.5582968,-0.50059471,464@39#0,947.7396827,0.405571673,0,0,0.039861672
75,12.84438521,0.286088415,464@39#0,960.5840679,0.448026051,0,0,0.022273422
76,12.84300953,-0.001375682,464@39#0,973.4270774,0.531123037,0,0,0.000107115
77,12.55100447,-0.292005058,464@39#0,985.9780819,0.538517114,0,0,0.023265473
78,12.85775608,0.306751609,464@39#0,998.8358379,0.579803798,0,0,0.023857321
79,11.97521827,-0.882537808,464@39#0,1010.811056,0.517323612,0,0,0.073697012
80,12.97930818,1.004089913,464@39#0,1023.790364,0.835048566,0,0,0.077360819
81,13.02530946,0.951948143,320@448#0,1061.595838,1.082307155,0,0,0.073084493
82,12.08254878,-0.942760677,320@448#0,1073.678387,1.438031087,0,0,0.078026639
83,12.23994291,0.157394129,320@448#0,1085.918329,1.460999392,0,0,0.012859057
84,12.37665508,0.136712164,320@448#0,1098.294985,1.451801911,0,0,0.01104597
85,13.08728727,0.710632191,320@448#0,1111.382272,1.381410479,0,0,0.054299426
86,12.25494172,-0.832345548,320@448#0,1123.637214,1.298395022,0,0,0.067919176
87,12.62088754,0.365945826,320@448#0,1136.258101,1.262064321,0,0,0.028995253
88,11.9012691,-0.719618448,320@448#0,1148.15937,1.190113918,0,0,0.06046569
89,11.64353314,-0.257735953,320@448#0,1159.802903,1.164353314,0,0,0.022135545
90,7.462193689,-4.181339454,320@448#0,1167.265097,0.746219369,-2,-1,0.560336495
91,4.943606531,-2.518587157,320@448#0,1172.208704,0.494360653,-1,0,0.509463514
92,0.443606531,-4.5,320@448#0,1172.65231,0.044360653,-4,0,10.14412476
93,0.056529349,-0.387077182,320@448#0,1172.708839,0.005652935,0,0,6.847366689
94,0.011791997,-0.044737352,320@448#0,1172.720631,0.0011792,0,0,3.793874145
95,0.005074129,-0.006717868,320@448#0,1172.725706,0.000507413,0,0,1.323945049
96,0.00288315,-0.002190979,320@448#0,1172.728589,0.000288315,0,0,0.759925681
97,0.00024433,-0.00263882,320@448#0,1172.728833,2.44E-05,0,0,10.80022926
98,0.000129915,-0.000114415,320@448#0,1172.728963,1.30E-05,0,0,0.880685612
99,0,-0.000129915,320@448#0,1172.728963,0,0,0,0
100,0,0,320@448#0,1172.728963,0,0,0,0
101,0,0,320@448#0,1172.728963,0,0,0,0
102,0,0,320@448#0,1172.728963,0,0,0,0
103,0,0,320@448#0,1172.728963,0,0,0,0
104,0,0,320@448#0,1172.728963,0,0,0,0
105,0,0,320@448#0,1172.728963,0,0,0,0
106,0,0,320@448#0,1172.728963,0,0,0,0
107,0,0,320@448#0,1172.728963,0,0,0,0
108,0,0,320@448#0,1172.728963,0,0,0,0
109,0,0,320@448#0,1172.728963,0,0,0,0
110,0,0,320@448#0,1172.728963,0,0,0,0
111,0,0,320@448#0,1172.728963,0,0,0,0
112,0,0,320@448#0,1172.728963,0,0,0,0
113,0,0,320@448#0,1172.728963,0,0,0,0
114,0,0,320@448#0,1172.728963,0,0,0,0
115,0,0,320@448#0,1172.728963,0,0,0,0
116,0,0,320@448#0,1172.728963,0,0,0,0
117,0,0,320@448#0,1172.728963,0,0,0,0
118,0,0,320@448#0,1172.728963,0,0,0,0
119,0,0,320@448#0,1172.728963,0,0,0,0
120,0,0,320@448#0,1172.728963,0,0,0,0
121,0,0,320@448#0,1172.728963,0,0,0,0
122,0,0,320@448#0,1172.728963,0,0,0,0
123,0,0,320@448#0,1172.728963,0,0,0,0
124,0,0,320@448#0,1172.728963,0,0,0,0
125,0,0,320@448#0,1172.728963,0,0,0,0
126,0,0,320@448#0,1172.728963,0,0,0,0
127,0,0,320@448#0,1172.728963,0,0,0,0
128,0,0,320@448#0,1172.728963,0,0,0,0
129,0,0,320@448#0,1172.728963,0,0,0,0
130,0,0,320@448#0,1172.728963,0,0,0,0
131,0,0,320@448#0,1172.728963,0,0,0,0
132,0,0,320@448#0,1172.728963,0,0,0,0
133,0,0,320@448#0,1172.728963,0,0,0,0
134,0,0,320@448#0,1172.728963,0,0,0,0
135,0,0,320@448#0,1172.728963,0,0,0,0
136,0,0,320@448#0,1172.728963,0,0,0,0
137,0,0,320@448#0,1172.728963,0,0,0,0
138,0,0,320@448#0,1172.728963,0,0,0,0
139,0,0,320@448#0,1172.728963,0,0,0,0
140,0,0,320@448#0,1172.728963,0,0,0,0
141,0,0,320@448#0,1172.728963,1.293542687,0,0,0
142,0,0,320@448#0,1172.728963,1.308540099,0,0,0
143,0,0,320@448#0,1172.728963,1.3225199,0,0,0
144,0,0,320@448#0,1172.728963,1.3462738,0,0,0
145,0,0,320@448#0,1172.728963,1.36360896,0,0,0
146,0,0,320@448#0,1172.728963,1.423264625,0,0,0
147,0,0,320@448#0,1172.728963,1.465281279,0,0,0
148,0,0,320@448#0,1172.728963,1.524005988,0,0,0
149,0,0,320@448#0,1172.728963,1.575141085,0,0,0
150,0,0,320@448#0,1172.728963,1.595751279,0,0,0
151,12.93542687,0.836888263,448@314#0,1268.582695,0.321743632,0,0,0.064697383
152,12.78545275,-0.149974123,314@497#0,1281.368148,0.355796723,0,0,0.01173006
153,12.64565475,-0.139798003,314@497#0,1294.013803,0.434396161,0,0,0.011055023
154,12.88319375,0.237539003,314@497#0,1306.896996,0.421918948,0,0,0.018437897
155,12.70984215,-0.215524532,497@336#0,1332.532205,0.484352089,0,0,0.016957294
156,12.1132855,-0.59655665,497@336#0,1344.645491,0.541579008,0,0,0.049248129
157,12.53345204,0.420166544,497@336#0,1357.178943,0.596809818,0,0,0.033523609
158,13.12069913,0.587247086,497@336#0,1370.299642,0.553589745,0,0,0.044757301
159,12.60934816,-0.511350974,497@336#0,1382.90899,0.610792409,0,0,0.040553323
160,12.40324622,-0.206101938,497@336#0,1395.312236,0.703627205,0,0,0.016616774
161,12.59859662,0.195350397,497@336#0,1407.910833,0.711554805,0,0,0.015505727
162,13.08910165,0.919185405,498@313#0,1445.923934,0.683202791,0,0,0.070225248
163,12.16330926,-0.925792386,498@313#0,1458.087243,0.697202908,0,0,0.076113528
164,12.27607614,0.112766877,498@313#0,1470.363319,0.789743819,0,0,0.009185906
165,13.07375914,0.797683,498@313#0,1483.437078,0.718649401,0,0,0.06101405
166,11.9049333,-1.168825843,498@313#0,1495.342012,0.649128868,0,0,0.098179957
167,12.87740795,0.97247465,498@313#0,1508.219419,0.58315231,0,0,0.075517888
168,13.0324543,0.155046357,498@313#0,1521.251874,0.592874866,0,0,0.011896942
169,11.94907669,-0.025895841,313@309#0,1545.175923,0.550756053,0,0,0.002167183
170,13.08352659,1.134449897,313@309#0,1558.25945,0.464453746,0,0,0.086708265
171,12.80890019,-0.274626403,313@309#0,1571.06835,0.510940997,0,0,0.02144028
172,13.01588508,0.206984888,313@309#0,1584.084235,-999,0,0,0.015902483
173,11.95009152,-1.065793561,313@309#0,1596.034326,-999,0,0,0.089187063
174,12.9882675,0.293859392,309@48#0,1621.717002,-999,0,0,0.022624988
175,13.07500632,0.08673882,309@48#0,1634.792008,-999,0,0,0.006633941
176,12.6013858,-0.473620515,309@48#0,1647.393394,-999,0,0,0.037584796
177,12.91409487,0.312709066,309@48#0,1660.307489,-999,0,0,0.024214555
178,13.16636679,0.252271921,309@48#0,1673.473856,-999,0,0,0.019160329
179,12.50417731,-0.662189477,309@48#0,1685.978033,-999,0,0,0.052957461
180,12.23275048,-0.271426828,309@48#0,1698.210784,-999,0,-999,0.022188536
181,12.97224939,0.73949891,309@48#0,1711.183033,-999,0,-999,0.057006221
